001 00000000  00000000
101 00000000  00000000
011 00000000  11111111
111 00000001  11111111
011 00000001  11111111
111 00000010  11111111
011 00000010  11111111
111 00000011  11111111
011 00000011  11111111
110 00000010  11111111
010 00000010  11111111
110 00000001  11111111
010 00000001  11111111
001 00000000  00000000
101 00000000  00000000
011 00000000  11111111
111 00000001  11111111
011 00000001  11111111
111 00000010  11111111
011 00000010  11111111
111 00000011  11111111
011 00000011  11111111
110 00000010  11111111
010 00000010  11111111
110 00000001  11111111
010 00000001  11111111
001 00000000  00000000
101 00000000  00000000
011 00000000  11111111
111 00000001  11111111
011 00000001  11111111
111 00000010  11111111
011 00000010  11111111
111 00000011  11111111
011 00000011  11111111
110 00000010  11111111
010 00000010  11111111
110 00000001  11111111
010 00000001  11111111
001 00000000  00000000
101 00000000  00000000
011 00000000  11111111
111 00000001  11111111
011 00000001  11111111
111 00000010  11111111
011 00000010  11111111
111 00000011  11111111
011 00000011  11111111
110 00000010  11111111
010 00000010  11111111
110 00000001  11111111
010 00000001  11111111
001 00000000  00000000
101 00000000  00000000
011 00000000  11111111
111 00000001  11111111
011 00000001  11111111
111 00000010  11111111
011 00000010  11111111
111 00000011  11111111
011 00000011  11111111
110 00000010  11111111
010 00000010  11111111
110 00000001  11111111
010 00000001  11111111
